structure(list(`5` = c(0.312, 0, 0.332, 0.33, 0.389, 0.602, 0.727, 
0.281, 0.313, 0.312, 0.301), `6` = c(0.056, 0, 0.06, 0.059, 0.07, 
0.108, 0.131, 0.051, 0.044, 0.084, 0.055), `7` = c(0, 0, 0, 0, 
0, 0, 0, 0, 0, 0, 0.02), `8` = c(0, 0, 0, 0, 0, 0, 0, 0, 0, 0.002, 
0.026), `9` = c(0.313, 0, 0.332, 0.33, 0.39, 0.603, 0.728, 0.281, 
0.313, 0.313, 0.313), `10` = c(0.062, 0, 0.066, 0.065, 0.077, 
0.119, 0.144, 0.056, 0.05, 0.092, 0.095), `11` = c(400701L, 0L, 
421401L, 418892L, 480196L, 668905L, 762724L, 366149L, 400819L, 
400136L, 386890L), `12` = c(11467L, 0L, 12154L, 12070L, 14168L, 
21381L, 25491L, 10345L, 9083L, 16824L, 11024L), `13` = c(0L, 
0L, 0L, 0L, 0L, 0L, 0L, 0L, 0L, 256L, 12711L), `14` = c(0L, 0L, 
0L, 0L, 0L, 0L, 0L, 0L, 0L, 438L, 5225L), `15` = c(412168L, 0L, 
433555L, 430962L, 494364L, 690286L, 788215L, 376494L, 409902L, 
417654L, 415850L), `16` = c(1106529L, 1384953L, 1091402L, 1093240L, 
1047981L, 903707L, 828874L, 1131601L, 1106514L, 1106603L, 1108401L
), `17` = c(923972L, 1506455L, 897940L, 901075L, 826137L, 616776L, 
524474L, 968301L, 924976L, 921404L, 917725L), `18` = c(-20.2, 
-0.1, -21.3, -21.1, -24.4, -34.8, -40.2, -18.4, -20.2, -20.2, 
-20), `19` = c(-21.5, -100, -17.4, -17.9, -5.9, 31.1, 49.5, -28.3, 
-21.5, -21.6, -24.2), `20` = c(-22.5, -100, -18.5, -19, -7.1, 
29.7, 48.1, -29.3, -23, -21.5, -21.9)), row.names = c("12", "16", 
"17", "18", "19", "20", "21", "22", "23", "24", "25"), class = "data.frame")
